0 0.101770 0.653305 0.112094 0.478139
0 0.153392 0.468910 0.061947 0.109350
0 0.133972 0.757046 0.130285 0.305537
0 0.245821 0.749899 0.095870 0.319831
0 0.337389 0.732924 0.106932 0.321618
0 0.435103 0.726671 0.117994 0.330552
0 0.884956 0.736205 0.112631 0.372297
0 0.868195 0.556878 0.097881 0.259244
0 0.801153 0.733281 0.105927 0.343059
0 0.789086 0.551197 0.082823 0.207815
0 0.197008 0.579978 0.107459 0.307834
0 0.242902 0.511501 0.059919 0.170189
0 0.288993 0.485370 0.052544 0.123287
0 0.294524 0.586545 0.087574 0.250594
0 0.331858 0.501451 0.046091 0.139368
0 0.378411 0.564434 0.083886 0.227813
0 0.424041 0.538973 0.068215 0.201011
0 0.444322 0.538303 0.051622 0.199671
0 0.713864 0.555537 0.100295 0.212268
0 0.714971 0.727603 0.120206 0.322690
0 0.611726 0.717954 0.098083 0.344131
0 0.563422 0.642374 0.094395 0.424536
0 0.651180 0.568402 0.082596 0.263727