0 0.285398 0.682376 0.097345 0.410785
0 0.373156 0.680161 0.088496 0.415214
0 0.442847 0.676840 0.058260 0.386425
0 0.504425 0.656909 0.079646 0.435144
0 0.566003 0.680161 0.065634 0.377568
0 0.630162 0.684590 0.105457 0.410785
0 0.692847 0.685697 0.077434 0.388640
0 0.712389 0.510754 0.072271 0.226983
0 0.658186 0.480305 0.042035 0.157228
0 0.626844 0.503557 0.072271 0.128439
0 0.588127 0.476430 0.059735 0.164978
0 0.535767 0.491931 0.061209 0.167193
0 0.552360 0.418300 0.058997 0.108509
0 0.503687 0.420514 0.056047 0.104080
0 0.459440 0.467018 0.057522 0.166085
0 0.428835 0.431587 0.062684 0.139512
0 0.377950 0.461482 0.056785 0.112938
0 0.377212 0.414425 0.059735 0.102973
0 0.336283 0.511861 0.066372 0.140619
0 0.306047 0.448749 0.066372 0.138405