0 0.891593 0.534695 0.122419 0.733546
0 0.773599 0.573107 0.137168 0.686460
0 0.775811 0.492565 0.132743 0.743459
0 0.631268 0.560716 0.112094 0.651766
0 0.662979 0.517347 0.098820 0.659200
0 0.550885 0.496283 0.095870 0.701329
0 0.502950 0.574346 0.103245 0.614593
0 0.407080 0.610280 0.112094 0.572463
0 0.100295 0.526021 0.147493 0.750893
0 0.207227 0.579302 0.107670 0.629462
0 0.297198 0.547086 0.098820 0.688938
0 0.370206 0.535934 0.079646 0.646809
0 0.447640 0.491326 0.119469 0.691417
0 0.233038 0.513630 0.106195 0.676547